4
302675
0
0
erase 4,301650,556544,557569,588800
new 4,0,291,516,1249
new 2,1249,2273
new 2,2273,3297
new 2,3297,4321
new 2,4321,5345
new 2,5345,6369
new 2,6369,7393
new 2,7393,8417
new 2,8417,9441
new 2,9441,10465
new 2,10465,11489
new 2,11489,12513
new 2,12513,13537
new 2,13537,14561
new 2,14561,15585
new 2,15585,16609
new 2,16609,17633
new 2,17633,18657
new 2,18657,19681
new 2,19681,20705
new 2,20705,21729
new 2,21729,22753
new 2,22753,23777
new 2,23777,24801
new 2,24801,25825
new 2,25825,26849
new 2,26849,27873
new 2,27873,28897
new 2,28897,29921
new 2,29921,30945
new 2,30945,31969
new 4,31969,32771,33284,33506
new 2,33506,34530
new 2,34530,35554
new 2,35554,36578
new 2,36578,37602
new 2,37602,38626
new 2,38626,39650
new 2,39650,40674
new 2,40674,41698
new 2,41698,42722
new 2,42722,43746
new 2,43746,44770
new 2,44770,45794
new 2,45794,46818
new 2,46818,47842
new 2,47842,48866
new 2,48866,49890
new 2,49890,50914
new 2,50914,51938
new 2,51938,52962
new 2,52962,53986
new 2,53986,55010
new 2,55010,56034
new 2,56034,57058
new 2,57058,58082
new 2,58082,59106
new 2,59106,60130
new 2,60130,61154
new 2,61154,62178
new 2,62178,63202
new 2,63202,64226
new 2,64226,65250
new 4,65250,65537,66050,66787
new 2,66787,67811
new 2,67811,68835
new 2,68835,69859
new 2,69859,70883
new 2,70883,71907
new 2,71907,72931
new 2,72931,73955
new 2,73955,74979
new 2,74979,76003
new 2,76003,77027
new 2,77027,78051
new 2,78051,79075
new 2,79075,80099
new 2,80099,81123
new 2,81123,82147
new 2,82147,83171
new 2,83171,84195
new 2,84195,85219
new 2,85219,86243
new 2,86243,87267
new 2,87267,88291
new 2,88291,89315
new 2,89315,90339
new 2,90339,91363
new 2,91363,92387
new 2,92387,93411
new 2,93411,94435
new 2,94435,95459
new 2,95459,96483
new 2,96483,97507
new 4,97507,98307,98820,99044
new 2,99044,100068
new 2,100068,101092
new 2,101092,102116
new 2,102116,103140
new 2,103140,104164
new 2,104164,105188
new 2,105188,106212
new 2,106212,107236
new 2,107236,108260
new 2,108260,109284
new 2,109284,110308
new 2,110308,111332
new 2,111332,112356
new 2,112356,113380
new 2,113380,114404
new 2,114404,115428
new 2,115428,116452
new 2,116452,117476
new 2,117476,118500
new 2,118500,119524
new 2,119524,120548
new 2,120548,121572
new 2,121572,122596
new 2,122596,123620
new 2,123620,124644
new 2,124644,125668
new 2,125668,126692
new 2,126692,127716
new 2,127716,128740
new 2,128740,129764
new 2,129764,130788
new 4,130788,131073,131586,132325
new 2,132325,133349
new 2,133349,134373
new 2,134373,135397
new 2,135397,136421
new 2,136421,137445
new 2,137445,138469
new 2,138469,139493
new 2,139493,140517
new 2,140517,141541
new 2,141541,142565
new 2,142565,143589
new 2,143589,144613
new 2,144613,145637
new 2,145637,146661
new 2,146661,147685
new 2,147685,148709
new 2,148709,149733
new 2,149733,150757
new 2,150757,151781
new 2,151781,152805
new 2,152805,153829
new 2,153829,154853
new 2,154853,155877
new 2,155877,156901
new 2,156901,157925
new 2,157925,158949
new 2,158949,159973
new 2,159973,160997
new 2,160997,162021
new 2,162021,163045
new 4,163045,163843,164356,164582
new 2,164582,165606
new 2,165606,166630
new 2,166630,167654
new 2,167654,168678
new 2,168678,169702
new 2,169702,170726
new 2,170726,171750
new 2,171750,172774
new 2,172774,173798
new 2,173798,174822
new 2,174822,175846
new 2,175846,176870
new 2,176870,177894
new 2,177894,178918
new 2,178918,179942
new 2,179942,180966
new 2,180966,181990
new 2,181990,183014
new 2,183014,184038
new 2,184038,185062
new 2,185062,186086
new 2,186086,187110
new 2,187110,188134
new 2,188134,189158
new 2,189158,190182
new 2,190182,191206
new 2,191206,192230
new 2,192230,193254
new 2,193254,194278
new 2,194278,195302
new 2,195302,196326
new 4,196326,196609,197122,197863
new 2,197863,198887
new 2,198887,199911
new 2,199911,200935
new 2,200935,201959
new 2,201959,202983
new 2,202983,204007
new 2,204007,205031
new 2,205031,206055
new 2,206055,207079
new 2,207079,208103
new 2,208103,209127
new 2,209127,210151
new 2,210151,211175
new 2,211175,212199
new 2,212199,213223
new 2,213223,214247
new 2,214247,215271
new 2,215271,216295
new 2,216295,217319
new 2,217319,218343
new 2,218343,219367
new 2,219367,220391
new 2,220391,221415
new 2,221415,222439
new 2,222439,223463
new 2,223463,224487
new 2,224487,225511
new 2,225511,226535
new 2,226535,227559
new 2,227559,228583
new 4,228583,229379,229892,230120
new 2,230120,231144
new 2,231144,232168
new 2,232168,233192
new 2,233192,234216
new 2,234216,235240
new 2,235240,236264
new 2,236264,237288
new 2,237288,238312
new 2,238312,239336
new 2,239336,240360
new 2,240360,241384
new 2,241384,242408
new 2,242408,243432
new 2,243432,244456
new 2,244456,245480
new 2,245480,246504
new 2,246504,247528
new 2,247528,248552
new 2,248552,249576
new 2,249576,250600
new 2,250600,251624
new 2,251624,252648
new 2,252648,253672
new 2,253672,254696
new 2,254696,255720
new 2,255720,256744
new 2,256744,257768
new 2,257768,258792
new 2,258792,259816
new 2,259816,260840
new 2,260840,261864
new 4,261864,262145,262658,263401
new 2,263401,264425
new 2,264425,265449
new 2,265449,266473
new 2,266473,267497
new 2,267497,268521
new 2,268521,269545
new 2,269545,270569
new 2,270569,271593
new 2,271593,272617
new 2,272617,273641
new 2,273641,274665
new 2,274665,275689
new 2,275689,276713
new 2,276713,277737
new 2,277737,278761
new 2,278761,279785
new 2,279785,280809
new 2,280809,281833
new 2,281833,282857
new 2,282857,283881
new 2,283881,284905
new 2,284905,285929
new 2,285929,286953
new 2,286953,287977
new 2,287977,289001
new 2,289001,290025
new 2,290025,291049
new 2,291049,292073
new 2,292073,293097
new 2,293097,294121
new 4,294121,294915,295428,295658
new 2,295658,296682
new 2,296682,297706
new 2,297706,298730
new 2,298730,299754
new 2,299754,300778
new 4,300778,301138,557056,557057
zero 6,291,516,32771,33284,65537,65823
zero 6,65823,66050,98307,98820,131073,131357
zero 6,131357,131586,163843,164356,196609,196891
zero 6,196891,197122,229379,229892,262145,262425
zero 6,262425,262658,294915,295428,301138,301416
zero 6,301416,301650,556544,557056,557057,557335
zero 2,557335,557569
